# LOW  HIGH t8_CIV_final_COUNT t10_CIV_final_COUNT
  1.0  1.25 0.0                0.0                
  1.25 1.5  0.125              0.0                
  1.5  1.75 0.5                0.375              
  1.75 2.0  0.5                0.875              
  2.0  2.25 0.875              1.0                
  2.25 2.5  1.0                0.625              
  2.5  2.75 0.125              0.5625             
  2.75 3.0  0.25               0.0625             
  3.0  3.25 0.25               0.1875             
  3.25 3.5  0.0                0.125              
  3.5  3.75 0.0                0.0625             
  3.75 4.0  0.0                0.0                
  4.0  4.25 0.0                0.125              
  4.25 4.5  0.0                0.25               
  4.5  4.75 0.125              0.4375             
  4.75 5.0  0.0                0.1875             
  5.0  5.25 0.125              0.0625             
  5.25 5.5  0.0                0.0                
