# REDSHIFT LOG_LBOL          
  1.2746   46.4654476298742  
  1.2348   46.28260807488978 
  1.6274   45.99330296808637 
  2.4978   46.706477469185835
  1.404    45.91454539729942 
  1.6003   46.28969073440094 
  1.3551   45.89925575474711 
  1.3548   45.83829659157058 
  1.2923   45.79291194792818 
  1.7535   46.444869433142145
  0.0645   45.25089656423661 
  0.8023   45.86089201160901 
  0.0865   44.92315975695035 
  2.934    47.87784053572395 
  4.612    47.173917030628864
  1.975    47.57373247050335 
  2.245    46.12357085820396 
  2.436    46.31654191634608 
  2.199    46.82863289963912 
  2.489    46.648169842151546
  2.219    46.15284262638    
  1.903    46.069830265586205
  2.558    46.486317193388324
  2.31     46.049367549635505
  2.228    46.45998667218935 
  1.694    45.73026037352231 
  2.382    46.416746118274794
  2.387    46.276590676617566
  2.23     46.42969156804103 
  3.114    47.067009906243406
  2.288    46.656675997015114
  2.955    46.341941423630054
  1.434    45.81234992684808 
  2.455    46.923217338927145
  1.626    46.26160288488575 
  1.759    46.20808307554396 
  2.085    46.39815163413253 
  3.105    46.84994744194043 
  5.01     47.06170412783582 
  1.102    45.794125233647726
  2.172    46.21285552242486 
