# REDSHIFT   LOG_LBOL            
  1.5689     45.94100131705489   
  0.6418     46.14262229851225   
  2.8933     46.972407723674365  
  0.7153     45.70545290900579   
  1.9776     47.598132952813394  
  1.8805     47.07637609295368   
  2.035      47.157954189894525  
  0.3662     45.18000579069232   
  0.8296     46.14391023407118   
  1.2746     46.4654476298742    
  0.6158     44.67354497066498   
  2.0668     46.37678036818378   
  1.8674     46.983485699755306  
  3.3704     47.538700615371496  
  1.9933     46.71774580484266   
  0.7482     45.54229377897491   
  1.2348     46.28260807488978   
  1.6274     45.99330296808637   
  2.4978     46.706477469185835  
  1.5353     46.13203589499658   
  1.404      45.91454539729942   
  2.0505     46.74418617310513   
  1.5571     45.948758359676006  
  1.6003     46.28969073440094   
  1.8342     46.04285429349911   
  0.3454     45.105259921692245  
  1.3551     45.89925575474711   
  1.4051     46.1447593808576    
  1.3548     45.83829659157058   
  1.3366     45.863264946270945  
  2.0318     46.249065380131846  
  1.5489     45.7214100375985    
  0.9877     45.58783284281644   
  1.1607     45.8884062146884    
  1.2923     45.79291194792818   
  1.5163     45.86840961387633   
  1.7535     46.444869433142145  
  0.6984     45.86225670225945   
  0.3726     45.272062064428034  
  0.36       44.728204727786405  
  1.1565     45.870982672771575  
  3.3334     47.46245329975991   
  0.8        45.6242304192072    
  1.5518     46.961602384335805  
  1.4993     46.14684617360317   
  3.8801     47.384787594458366  
  0.8081     45.21804011952206   
  1.5198     46.061122948111745  
  0.7015     45.64927243062994   
  2.9264     47.52045130503284   
  3.2717     47.585991956349005  
  0.7905     46.22803348890657   
  2.031      47.862257495098355  
  1.9727     47.81831607684561   
  4.6945     46.92118531058893   
  1.3077     47.723197782184755  
  1.1992     46.00498454722107   
  0.7532     45.50911285343016   
  2.14       45.727736181954356  
  1.0246     45.31770453943436   
  0.1543     45.779923786417164  
  1.8887     46.2205654331855    
  0.0645     45.25089656423661   
  0.8023     45.86089201160901   
  0.0865     44.92315975695035   
  2.0206     47.08352300556994   
  0.4643     45.312480990682545  
  0.5538     45.641563019578115  
  1.2149     46.14696363467782   
  1.3676     45.97334654209788   
  2.156      47.02967084930335   
  2.848      46.72607639666779   
  2.916      46.333305133857124  
  1.244      46.683956250602996  
  3.902      46.21310535590886   
  0.872      44.841484576562166  
  2.56       46.422905384189676  
  0.66       45.0677077536855    
  2.126      46.445271416223335  
  2.75       46.508376984451     
  1.532      46.305776527741926  
  2.145      46.46371283784697   
  2.187      46.21603003768801   
  2.427      46.38775073787184   
  2.611      47.2339153405323    
  3.862      46.935937283965536  
  1.028      45.663453886387316  
  1.826      46.41853907650268   
  2.613      46.57550350497242   
  2.646      46.404836159943365  
  2.559      45.81043413694851   
  2.511      46.353648239851104  
  3.12       46.584445171197096  
  2.786      46.010149095048504  
  2.738      46.766757688876545  
  3.176      46.524444609462364  
  2.1        46.478866118978054  
  2.125      47.32894076152645   
  2.505      46.164671270205574  
  2.365      46.47917924010874   
  3.096      46.016727821139334  
  2.921      46.56897370878382   
  2.237      45.934402019492815  
  2.495      46.06703266279087   
  2.853      46.19318391715181   
  1.018      45.50844330520605   
  3.183      45.98473000997609   
  2.535      46.0612516130664    
  2.778      45.84303991013347   
  2.87       46.314126713029694  
  2.727      46.296427255424     
  2.591      45.99552078271677   
  2.593      46.34082007929671   
  2.899      46.21660733676777   
  2.552      45.958468849447634  
  2.934      47.87784053572395   
  4.612      47.173917030628864  
  2.658      45.55042274942924   
  2.29       46.536472647080785  
  3.247      46.86465218052728   
  1.975      47.57373247050335   
  2.475      45.960085169468115  
  2.155      46.40305706306015   
  2.754      46.07446936200362   
  2.372      46.042297751267135  
  2.268      46.58695633171494   
  3.071      46.2654428617633    
  2.54       45.8018577359038    
  3.241      46.471717039954626  
  3.67       46.93061605431909   
  2.087      47.306111417477794  
  3.178      46.15502481922559   
  2.671      46.02006542482582   
  2.202      46.101817208640014  
  3.074      46.7453126075956    
  2.577      46.31813211384808   
  3.229      46.20767511936924   
  3.752      47.30877415153184   
  2.737      45.74111121851204   
  1.742      45.721537598191304  
  2.467      46.459362622068     
  2.366      47.23265717118555   
  2.518      46.25111848039073   
  1.749      45.8115335795202    
  2.95       46.59936888438176   
  2.328      45.823312723082985  
  2.245      46.12357085820396   
  2.436      46.31654191634608   
  2.199      46.82863289963912   
  2.287      46.03625480083618   
  2.31       46.612288141069904  
  2.489      46.648169842151546  
  2.219      46.15284262638      
  0.87       45.39850597337989   
  3.095      46.37937990708476   
  0.913      46.19498694759435   
  1.903      46.069830265586205  
  2.558      46.486317193388324  
  4.71       46.5519075327424    
  2.31       46.049367549635505  
  3.365      46.21413767488963   
  2.228      46.45998667218935   
  1.694      45.73026037352231   
  2.477      46.71392449061491   
  2.382      46.416746118274794  
  2.387      46.276590676617566  
  1.905      45.57437119612106   
  2.953      46.58387454626434   
  3.856      46.55312259838588   
  2.23       46.42969156804103   
  2.085      47.116898404008886  
  3.182      46.914651205061546  
  2.274      47.179912275585906  
  2.208      45.39639731252009   
  3.181      47.278396221915756  
  2.425      47.232901316710425  
  2.608      47.09471114026561   
  2.712      46.19211087016919   
  2.498      47.044991522583004  
  3.174      46.904341136208274  
  3.887      46.5569013906953    
  3.864      46.851687872413244  
  0.592      45.173592813552986  
  2.46       45.62486565648299   
  2.433      46.12957971869463   
  0.727      46.04224510748468   
  2.146      45.56988818803921   
  0.763      45.630626310947115  
  2.22       46.12637899780077   
  2.608      47.74494716638911   
  3.246      46.77551764852024   
  3.189      46.65519876275015   
  3.114      47.067009906243406  
  0.577      45.78432054922228   
  2.603      46.95100323518422   
  2.187      45.7010955495074    
  2.288      46.656675997015114  
  2.955      46.341941423630054  
  2.153      46.183552878895945  
  3.365      46.675859927326435  
  0.954      45.30169106047574   
  2.611      46.0971163668984    
  2.655      46.09220876389776   
  2.483      45.672216027822486  
  2.932      46.70229942872328   
  0.355      43.864357865584324  
  1.434      45.81234992684808   
  2.023      46.55433134410991   
  2.455      46.923217338927145  
  0.378      44.43448502491237   
  2.123      45.77106485060936   
  2.611      46.471661275366536  
  3.862      47.095419258007254  
  2.524      46.83769214081661   
  2.786      47.05991877414911   
  2.531      46.458411356333045  
  3.342      46.616481100882     
  2.305      46.06139754613822   
  2.279      45.7937907384363    
  2.124      46.87888886346766   
  3.864      46.62519387972763   
  3.495      47.1845948186943    
  3.044      46.92997033404446   
  1.626      46.26160288488575   
  1.785      45.782497112413765  
  1.759      46.20808307554396   
  2.085      46.39815163413253   
  2.32       -999.0              
  3.54       47.80159237406812   
  3.088      46.59714715341521   
  3.031      47.78583095425447   
  3.855      46.645087201933734  
  3.314      46.20866094060883   
  2.261      47.509942773219834  
  2.393      47.217737424067735  
  3.234      47.31015002988204   
  3.861      47.139602071249904  
  3.103      47.68013543657076   
  3.863      46.92169451246118   
  3.87       47.17528569329758   
  0.727      46.40322174183539   
  3.105      46.84994744194043   
  2.045      46.57150484109212   
  4.685      46.63281310084704   
  2.386      46.45382288309528   
  2.901      47.64170873824571   
  5.01       47.06170412783582   
  2.916      47.13057807834032   
  0.704      44.92400753385756   
  2.711      46.51017175798182   
  3.098      46.71198673364021   
  3.963      46.217789715658434  
  2.11       45.52919883962478   
  2.628      46.536154255882096  
  3.288      45.74482835700078   
  3.141      46.86362935126695   
  2.568      46.47194277004695   
  1.414      45.386113426443856  
  3.001      46.13813830616165   
  1.842      46.175683202166766  
  2.296      46.32858589499358   
  2.289      46.670394974303946  
  2.64       48.172165522423     
  3.122      46.10887423128172   
  1.932      46.27884255502908   
  2.329      45.82489977855103   
  2.305      45.85578440211208   
  3.225      46.33896484818521   
  2.039      46.73513407452571   
  0.935      45.57381215204763   
  3.872      46.571630713757706  
  2.241      45.519234454822225  
  1.404      45.74138766811347   
  3.034      45.986466287511675  
  0.715      46.137462043868254  
  1.506      44.9492427328472    
  0.387      45.021473994278324  
  1.57       45.396347051891944  
  1.29       44.88539150571586   
  1.591      45.98483193407756   
  0.898      44.99847536425226   
  1.543      45.49785000451672   
  2.274      45.49704586765194   
  1.043      45.125489151537565  
  1.653      44.917570347094504  
  1.107      45.16012497339638   
  1.102      45.794125233647726  
  0.984      45.44678619296672   
  1.039      45.52510792815253   
  1.277      45.448468757579654  
  1.477      45.30083740339497   
  1.003      45.510169970145824  
  0.669      45.022753390885654  
  2.096      45.82021514799801   
  1.061      44.98795356517827   
  1.558      46.22360298450555   
  0.983      45.29386086637723   
  2.796      45.84391162960149   
  0.456      44.86225914407059   
  1.426      45.31327075502625   
  2.281      46.08299573539132   
  2.695      45.81915480496531   
  2.329      45.06090303058128   
  2.699      46.923001261969546  
  1.1        45.480128801653095  
  2.182      46.47346046117148   
  2.312      45.51271203104446   
  3.866      46.527932227714025  
  2.365      46.34488936219067   
  1.6158503  46.218218238310605  
  0.6507103  44.87970748116524   
  0.5221781  44.87973733953791   
  1.7537503  45.930245792455175  
  1.6242852  45.05237400500975   
  1.0799081  45.40873389517189   
  1.1052948  45.21842469534468   
  0.6928971  45.41624162489774   
  1.1132182  45.40791033208032   
  2.256      46.28846421438069   
  1.3156188  45.33605981280298   
  2.2197595  45.82416476391708   
  1.8853765  45.943097742813755  
  1.371      45.2031084525669    
  2.172      46.21285552242486   
  3.862      46.545069098450924  
