 REDSHIFT 
  1.9935   
  2.0474   
  2.0377   
  2.0619   
  1.9977   
  1.9381   
  2.1016   
  1.6369   
  1.9383   
  2.0966   
  1.635    
  2.172    
  4.4      
  1.572    
  3.06     
  1.944    
  4.65     
  3.307    
  4.76     
  4.696    
  2.261    
  2.266    
  1.753    
  2.522    
  1.542    
  1.763    
  2.325    
  2.38     
  2.644    
  3.091    
  4.196    
  2.247    
  2.699    
  2.103    
  2.6      
  2.717    
  2.722    
  2.439    
  2.266    
  1.998    
  2.272    
  2.142    
  2.495    
  2.376    
  2.103    
  3.009    
  2.07     
  2.759    
  2.529    
  3.525    
  4.508    
  4.37     
  4.87     
  4.65     
  2.53     
  2.018    
  1.943    
  3.302    
  4.65     
  1.732    
  1.775    
  1.891    
  1.974    
  4.655    
  5.135    
  1.973    
  4.911    
  1.944    
  2.23     
  4.43     
  2.019    
  4.29     
  4.579    
  2.435    
  4.105    
  2.153    
  2.5135508
  1.5756849
  2.1088977
