 REDSHIFT 
  0.5846   
  1.9935   
  2.0474   
  1.0432   
  2.0377   
  1.5225   
  2.0619   
  1.9977   
  1.9381   
  2.1016   
  0.6312   
  1.6369   
  1.9383   
  1.4374   
  2.0966   
  1.055    
  0.9973   
  1.635    
  1.1149   
  0.4335   
  0.7196   
  2.172    
  1.024    
  1.572    
  1.944    
  2.261    
  2.266    
  1.753    
  2.522    
  1.542    
  1.763    
  2.325    
  2.38     
  2.247    
  2.103    
  2.439    
  2.266    
  1.998    
  2.272    
  2.142    
  2.495    
  2.376    
  2.103    
  2.07     
  2.529    
  0.94     
  2.53     
  2.018    
  1.943    
  1.309    
  1.732    
  1.775    
  1.891    
  1.974    
  1.232    
  1.05     
  1.973    
  1.944    
  2.23     
  1.189    
  2.019    
  1.008    
  0.806    
  0.85     
  2.435    
  2.153    
  2.5135508
  1.5756849
  2.1088977
