# LOW                  HIGH                    t4_All_COUNT t4_Included_Final_COUNT t11_All_COUNT
  -0.20000000000000018 -1.6653345369377348E-16 0            0                       0            
  0.0                  0.2                     6            6                       2            
  0.19999999999999973  0.39999999999999974     1            1                       1            
  0.3999999999999999   0.5999999999999999      2            2                       2            
  0.6000000000000001   0.8                     2            2                       2            
  0.8                  1.0                     4            4                       4            
  1.0                  1.2                     8            8                       7            
  1.2                  1.4                     5            4                       2            
  1.4                  1.5999999999999999      8            7                       5            
  1.6                  1.8                     9            9                       6            
  1.8                  2.0                     14           11                      11           
  2.0                  2.2                     18           16                      14           
  2.2                  2.4000000000000004      42           18                      9            
  2.4                  2.6                     24           12                      7            
  2.6                  2.8000000000000003      12           6                       6            
  2.8000000000000003   3.0000000000000004      6            3                       0            
  3.0                  3.2                     8            4                       3            
  3.2                  3.4000000000000004      7            4                       2            
  3.4000000000000004   3.6000000000000005      3            2                       1            
  3.6                  3.8000000000000003      0            0                       0            
  3.8000000000000003   4.0                     2            1                       0            
  4.0                  4.2                     2            2                       2            
  4.2                  4.4                     2            2                       2            
  4.4                  4.6000000000000005      4            4                       4            
  4.6                  4.8                     8            6                       6            
  4.800000000000001    5.000000000000001       4            3                       3            
  5.0                  5.2                     5            2                       2            
  5.2                  5.4                     0            0                       0            
