# LOW                  HIGH                    t3_Included_Final_COUNT t3_New_sample_COUNT t10_All_COUNT
  -0.20000000000000018 -1.6653345369377348E-16 0                       0                   0            
  0.0                  0.2                     3                       3                   2            
  0.19999999999999973  0.39999999999999974     7                       7                   0            
  0.3999999999999999   0.5999999999999999      4                       6                   0            
  0.6000000000000001   0.8                     13                      17                  0            
  0.8                  1.0                     7                       13                  1            
  1.0                  1.2                     10                      16                  1            
  1.2                  1.4                     9                       14                  5            
  1.4                  1.5999999999999999      13                      21                  2            
  1.6                  1.8                     8                       13                  6            
  1.8                  2.0                     11                      14                  2            
  2.0                  2.2                     18                      30                  3            
  2.2                  2.4000000000000004      20                      39                  8            
  2.4                  2.6                     18                      29                  5            
  2.6                  2.8000000000000003      16                      26                  0            
  2.8000000000000003   3.0000000000000004      9                       15                  2            
  3.0                  3.2                     15                      23                  2            
  3.2                  3.4000000000000004      9                       14                  0            
  3.4000000000000004   3.6000000000000005      1                       2                   0            
  3.6                  3.8000000000000003      2                       2                   0            
  3.8000000000000003   4.0                     13                      16                  0            
  4.0                  4.2                     0                       0                   0            
  4.2                  4.4                     0                       0                   0            
  4.4                  4.6000000000000005      0                       0                   0            
  4.6                  4.8                     1                       4                   1            
  4.800000000000001    5.000000000000001       0                       0                   0            
  5.0                  5.2                     1                       1                   1            
  5.2                  5.4                     0                       0                   0            
