# plate	mjd	fiber	RA	DEC	REDSHIFT	A1	wl1	sigma1	FWHM1	EW1	A2	wl2	sigma2	FWHM2	EW2	A3	wl3	sigma3	FWHM3	EW3	EW_T	FWHM_T	g_no	R2	wl_T	vel_peak	wl_broad	vel_broad	LOG_L1350	LOG_L1350_ERR	LOG_L3000	LOG_L3000_ERR	LOG_MBH	LOG_MBH_ERR	Band	Cont_sens
266	51630	628	147.23886	0.37375648	0.5846	10.036	2814.654	0.000	0.000	nan	10.036	2814.654	0.000	0.000	nan	6.021	2814.654	0.000	0.000	nan	nan	0.0	0	-0.16472354928076127	2700.103	10604.662	0.000	-9999.000	-999.0	-999.0	45.10705239785837	0.002814023243218509	8.186871374989277	0.1396030164265825	6	0.1651551194542777
285	51930	114	180.42602	-0.27775702	1.9935	8.522	2796.032	14.553	34.270	36.480	8.503	2811.464	33.824	79.650	84.352	4.879	2791.657	161.927	381.309	187.578	91.770	74.36758077948662	3	0.7623810105446301	2797.182	207.245	2791.657	592.102	46.75607782430026	0.0020535432026270815	46.305147267206166	0.0026133690112559826	9.63710252217828	0.08376658199162153	7	0.0939482087284993
288	52000	516	185.16436	0.074346416	2.0474	11.587	2810.120	21.532	50.705	53.978	25.177	2798.604	12.329	29.034	30.909	8.765	2789.558	55.204	129.995	127.859	57.370	40.998831628153766	3	0.9481085204421394	2798.147	103.921	2789.558	920.222	46.82688299993151	0.0012250002371783158	46.61119353254065	0.0011891279576729916	9.646079303113098	0.016955987844512865	7	0.093948010689722
334	51993	640	188.00007	-2.4013291	1.0432	13.295	2815.807	14.114	33.235	35.379	33.194	2793.677	48.013	113.061	115.578	61.258	2799.334	10.401	24.493	26.078	58.369	36.78606320949439	3	0.9848471269913096	2798.267	91.047	2793.677	491.789	-999.0	-999.0	46.138057974886586	0.0008735981360372212	9.171754371226967	0.02896000884144015	6	0.06158203273159936
378	52146	85	341.70542	-0.83176345	2.0377	4.696	2809.429	100.565	236.813	170.261	22.065	2797.683	16.482	38.811	41.319	1.079	2797.898	0.000	0.000	nan	64.026	50.921244773210674	2	0.7701805147854693	2792.899	665.999	2809.429	-1774.385	46.777908459732934	0.0014037506290475454	46.6333883311024	0.001932280827895055	9.455234966938526	0.023267062064401368	7	0.0747847846346395
475	51965	331	141.23263	2.3236109	1.5225	11.069	2799.546	0.000	0.000	nan	22.132	2801.271	13.777	32.442	34.535	0.000	2798.328	32.349	76.177	nan	34.535	26.942297758149834	1	0.9065225271231149	2798.780	36.081	0.000	-9999.000	-999.0	-999.0	45.96995386896107	0.0024433640848866406	8.764160941543878	0.10662065903877647	6	0.04662350711197952
515	52051	310	177.2514	1.8547679	2.0619	22.709	2791.737	0.000	0.000	nan	22.709	2791.737	0.000	0.000	nan	13.625	2791.737	0.000	0.000	nan	nan	0.0	0	-0.1022346771545255	2700.281	10585.623	0.000	-9999.000	46.77164686410611	0.0016067044047341605	46.60667987562293	0.001494467760948279	9.654309325936946	0.04165351846146963	7	0.08880273946924507
645	52203	250	349.29934	-10.563913	1.9977	13.166	2802.151	32.928	77.540	82.328	14.245	2808.440	14.028	33.034	35.172	0.000	2804.654	101.006	237.852	nan	58.280	49.83015995358119	2	0.7830439093766712	2806.802	-823.077	2802.151	496.767	46.88356762702894	0.0013202909314425754	46.51974321192577	0.0036443955072466686	9.753212939496258	0.032070276552266706	7	0.10247465559821206
648	52559	123	356.47729	-11.075566	1.9381	19.362	2811.746	16.054	37.803	40.246	4.379	2798.326	47.002	110.681	113.852	0.000	2807.036	62.798	147.878	nan	54.208	46.569553068178266	2	0.8504705197887197	2810.822	-1253.651	2798.326	1332.786	46.717300270195025	0.0019715311155604296	46.40637857868375	0.003652733765744556	9.756751514630066	0.02230246364483465	7	0.10247498957026635
682	52525	509	354.6953	0.5375269	2.1016	21.916	2803.600	0.000	0.000	nan	21.916	2803.600	0.000	0.000	nan	13.150	2803.600	0.000	0.000	nan	nan	0.0	0	-0.010796272084278025	2699.692	10648.683	0.000	-9999.000	45.52625056322757	0.007775510746946867	-999.0	-999.0	8.21876716636052	0.19848415264704275	7	0.9632369120916159
755	52235	225	115.29459	31.200061	0.6312	37.285	2799.588	7.680	18.085	19.251	94.147	2802.067	13.734	32.341	34.426	56.873	2796.728	38.877	91.549	96.413	50.462	35.914026979023674	3	0.9926480699461766	2798.934	19.603	2796.728	236.238	-999.0	-999.0	45.92576156957466	0.0009394076899177624	8.982746920904486	0.04808548915427762	6	0.016631671944886302
918	52404	569	217.80478	-0.87734649	1.6369	3.477	2800.718	12.562	29.580	31.493	3.379	2787.450	11.089	26.112	27.796	2.347	2782.274	51.546	121.382	120.505	59.615	36.72124338215235	3	0.6597534876959517	2790.013	975.019	2782.274	831.569	-999.0	-999.0	45.744776815608034	0.006064329464010512	8.94856463205014	0.09588997558034054	6	0.08195605975498295
997	52734	97	154.61606	5.5083329	1.9383	0.000	2900.000	129049.394	303888.100	nan	0.000	2900.000	129026.511	303834.214	nan	32.480	2700.000	0.000	303888.100	nan	nan	0.0	0	-0.06192263637278517	2700.249	10589.048	0.000	-9999.000	45.9873923358232	0.005049270603300131	46.08514762722273	0.011267802551704613	8.86868762836358	0.12828715324830817	6	0.16515475319688616
1826	53499	433	214.78408	6.4763341	1.4374	42.505	2797.877	10.516	24.763	26.370	14.151	2814.845	16.037	37.764	40.199	18.197	2788.276	37.157	87.497	92.188	49.220	36.16422396449752	3	0.9862088751478908	2794.301	515.813	2788.276	646.406	-999.0	-999.0	46.61083311015759	0.001340296276967737	9.42918076048432	0.02895556760669398	7	0.04315463775289036
1828	53504	300	217.95039	5.5994716	2.0966	26.104	2792.785	13.217	31.124	33.132	13.981	2818.963	20.650	48.627	51.761	23.521	2808.955	68.932	162.323	146.677	89.997	69.24152179762996	3	0.880417501857688	2793.926	556.015	2808.955	-1612.687	47.07656883429073	0.0010875893981113012	-999.0	-999.0	9.599007993884424	0.032879646380343755	7	0.10165896289333315
2023	53851	137	199.40205	34.421085	1.055	3.970	2826.681	15.850	37.325	39.731	13.335	2796.621	12.384	29.162	31.050	8.166	2800.062	44.056	103.745	107.801	65.448	48.48170032390681	3	0.9158310887880179	2790.540	918.600	2800.062	-1022.988	-999.0	-999.0	45.64136277903325	0.0021404239382235486	9.099264494719849	0.08329688864382803	6	0.20513277458979673
2029	53819	602	197.61943	32.345489	0.9973	10.632	2799.922	0.000	0.000	nan	25.836	2797.923	15.335	36.110	38.440	0.000	2797.424	14.011	32.994	nan	38.440	33.83104000400135	1	0.8568734360465877	2793.551	596.124	0.000	-9999.000	-999.0	-999.0	45.92892221387376	0.000973684787754231	8.800529741461185	0.07232464795351022	6	0.20513279699181602
2093	53818	298	197.74752	32.559556	1.635	2.985	2802.854	9.260	21.806	23.214	1.853	2792.594	49.708	117.054	118.790	0.455	2887.093	0.000	21.806	nan	60.313	32.13006324770549	2	0.22782818104350522	2802.330	-344.164	2792.594	1041.618	-999.0	-999.0	46.450728467959046	0.0017211273700474044	9.432737953948763	0.5103788630264834	6	0.20513279757320899
2485	54176	422	164.5746	19.864163	1.1149	62.491	2800.053	8.945	21.063	22.432	16.785	2818.034	17.370	40.904	43.544	42.641	2793.191	40.323	94.955	99.577	55.739	34.85035589916288	3	0.9907027874312148	2798.403	76.458	2793.191	558.397	-999.0	-999.0	46.15212997069555	0.0010631069153976772	9.218237052534198	0.02629852070314848	6	0.21719629513145752
2646	54479	204	186.22692	21.379555	0.4335	114.744	2807.513	0.000	0.000	nan	114.744	2807.513	0.000	0.000	nan	68.846	2807.513	0.000	0.000	nan	nan	0.0	0	-0.26768248733480693	2700.240	10590.000	0.000	-9999.000	-999.0	-999.0	45.784558694150995	0.0013682634376645404	8.841211647600655	0.03189585312322595	6	0.022649098883647648
2756	54508	579	209.26849	19.318742	0.7196	59.976	2806.921	23.706	55.823	59.423	50.509	2778.166	29.943	70.510	74.713	155.019	2799.948	8.292	55.823	20.789	42.043	27.481637395957023	3	0.9929357699472324	2800.094	-104.631	2778.166	2347.663	-999.0	-999.0	46.13991369471933	0.003019794877398093	9.148924279018976	0.05145251572383943	6	0.029601572237953573
3816	55272	738	134.73336	1.8720604	2.172	14.048	2799.540	11.495	27.069	28.816	4.393	2808.950	14.749	34.730	36.971	5.697	2785.469	24.293	57.205	60.882	40.726	35.886293645735805	3	0.9005862835849662	2794.904	451.254	2785.469	1011.978	46.761774613211166	0.0005686053066654542	46.5165351268841	0.0008318804083168805	9.913345925322112	0.030072986266501078	6	0.07071966112546156
3819	55540	186	137.29206	1.359909	1.024	6.066	2825.559	29.039	68.383	72.386	7.506	2782.683	44.858	105.633	108.102	28.088	2800.178	13.330	31.391	33.414	55.856	40.44293070089816	3	0.9667913680182245	2795.694	366.653	2782.683	1395.132	-999.0	-999.0	46.43210985360726	0.00023852144973097179	9.358040139640353	0.03077561143400361	6	0.1868615016646212
3950	55680	316	230.02282	20.268186	1.572	4.871	2800.565	8.526	20.077	21.414	3.216	2798.172	49.966	117.662	119.524	0.000	2798.736	34.623	81.531	nan	60.518	31.968473214770256	2	0.8716260659244495	2797.880	132.522	2798.172	-31.278	-999.0	-999.0	45.6206636656821	0.007585882237455827	8.848509448563956	0.0969412205879545	7	0.029701696768406647
4034	55635	364	212.07317	-1.242253	1.944	19.134	2799.035	10.524	24.782	26.391	15.063	2807.145	25.305	59.588	63.420	3.506	2759.143	51.282	120.761	112.152	51.366	36.65010412862284	3	0.974612244884988	2796.805	247.585	2759.143	4037.058	46.61209560524053	0.0011138939236988261	46.516782083030535	0.0009693272599179041	9.331948895245693	0.03673450719517541	7	0.07109243335264401
4193	55476	918	321.94762	0.82486432	2.261	17.793	2799.821	9.895	23.301	24.805	13.391	2794.559	46.079	108.508	111.845	0.000	2797.423	4.495	10.586	nan	62.365	65.5658608241647	2	0.8475755373923555	2794.791	463.357	2794.559	24.819	47.04632268744992	0.0005118081558384586	46.885584975082296	0.002289901886614823	10.040999214518816	0.01759385706693394	6	0.06690713674982578
4193	55476	952	322.41501	0.81265322	2.266	2.726	2806.332	8.477	19.961	21.261	1.189	2838.501	180.017	423.909	185.480	0.000	2803.068	46.563	109.648	nan	71.492	0.0	2	0.10541770299153552	2804.683	-596.166	2838.501	-3614.718	46.06446990479624	0.0021404686462474327	45.86866261422563	0.004750126311102826	8.984476333896785	0.23903944546988642	6	0.06690714193033805
4195	55452	438	323.76932	-0.21991833	1.753	2.244	2790.988	24.777	58.346	62.102	1.784	2837.234	32.648	76.881	79.493	0.817	2728.637	177.302	417.514	175.933	112.258	82.9142850862172	3	0.5186561568340418	2798.942	18.782	2728.637	7530.312	45.1070575227918	0.007995525379728443	45.44464278849805	0.009370103125931088	9.646741293437994	0.0587990790186905	6	0.047874189960814224
4195	55452	210	324.89934	-0.87125296	2.522	1.132	2809.840	87.630	206.352	162.375	3.762	2805.719	15.895	37.429	39.845	0.000	2803.003	34.426	81.067	nan	68.199	0.0	2	0.10115247160802698	2798.406	76.197	2809.840	-1224.928	46.11839749778838	0.002198046324632846	-999.0	-999.0	9.275944588305606	0.16464465780938345	6	0.04787419940012872
4196	55478	984	327.68436	0.70826885	1.542	2.989	2798.726	15.252	35.915	38.234	1.019	2791.806	61.798	145.523	137.896	0.000	2798.687	41.749	98.311	nan	63.676	51.89875891640304	2	0.7715371069672586	2794.631	480.456	2791.806	303.084	-999.0	-999.0	45.26096406420903	0.0069438029828383	8.854845836950691	0.036546777798086925	6	0.04787422353184635
4197	55479	860	328.63135	0.20732156	1.763	1.554	2801.499	6.153	14.490	15.431	1.664	2802.297	20.497	48.267	51.379	1.691	2728.294	0.000	14.490	nan	34.030	24.466166844448253	2	0.2950865129534773	2801.683	-274.850	2802.297	-65.665	45.22093904877789	0.005329364273023797	45.371696969879615	0.0057991848707501644	8.546454909975198	0.11811347289933603	6	0.07708480081576985
4197	55479	628	327.56027	0.92784271	2.325	0.159	2799.934	0.000	0.000	nan	0.159	2799.917	0.000	0.000	nan	9.228	2801.451	44.121	103.898	107.928	107.928	101.40459159320972	1	0.40655180857803486	2801.614	-267.393	0.000	-9999.000	46.64269434556473	0.0008855387773431063	46.24983995683832	0.001039044240731992	9.51992571345619	0.06970870064414411	6	0.047874222400461804
4200	55499	677	332.84316	0.79776546	2.38	0.000	2787.994	33.864	79.744	nan	0.000	2788.023	33.871	79.760	nan	1.578	2806.324	32.382	79.744	80.965	80.965	76.25684663364609	1	0.018353268199381212	2806.617	-803.293	0.000	-9999.000	45.75726711947452	0.0033541970352249633	45.60110153974141	0.004091381803068711	8.759537695110321	0.13808591763720052	6	0.0672071850439896
4202	55445	836	336.6939	0.86981104	2.247	0.653	2814.959	8.755	20.616	21.958	0.280	2789.051	20.440	48.133	51.240	0.475	2774.398	92.719	218.338	162.932	87.245	0.0	3	0.09563165919910033	2806.194	-757.964	2774.398	3396.811	44.83997918017791	0.011383847172728306	45.484075748828445	0.007557892962557436	8.083237062906909	0.38539262429012516	6	0.06720725012519577
4210	55444	44	350.93459	-1.0466878	2.103	1.983	2810.061	15.822	37.257	39.659	1.213	2792.089	1.760	4.144	4.424	0.000	2814.533	10.747	25.307	nan	37.395	0.0	2	0.3061846113531266	2784.955	1516.770	2810.061	-2702.616	45.361430922704066	0.0057810297550788025	45.477197053762715	0.010386303321367741	8.188437802005428	0.18387969692198455	6	0.07553986475930283
4213	55449	716	354.85275	0.73225573	2.439	1.781	2797.812	16.799	39.558	42.116	0.830	2773.456	0.000	0.000	nan	0.000	2799.839	14.069	39.558	nan	42.116	39.56302382795275	1	0.007320547139448519	2798.130	105.757	0.000	-9999.000	45.36643836093968	0.00664604625638987	45.7742416801474	0.005454143372876241	8.966896991716897	0.22895933302895	7	0.9632368828814921
4213	55449	532	353.89297	0.23206032	2.266	0.000	2807.990	59.941	141.150	nan	3.628	2808.239	19.907	46.878	49.907	0.000	2803.342	48.032	113.107	nan	49.907	0.0	1	0.07877328050896804	2804.038	-527.057	0.000	-9999.000	45.922355655725426	0.002864377161298148	45.822665656542	0.0028301265528994967	9.02413853940074	0.07884773724746866	6	0.06268268184105359
4214	55451	852	357.12674	0.65514898	1.998	5.000	2811.235	21.270	50.087	53.317	15.040	2797.550	7.834	18.448	19.638	14.823	2799.225	44.123	103.902	107.940	63.673	42.41263527171668	3	0.9760815048123308	2787.201	1276.209	2799.225	-1293.229	46.50283831103585	0.0008740500760423697	46.46352029943609	0.0008312487803949369	8.94225788193859	0.010069306243082351	6	0.06268273476210096
4215	55471	42	359.64434	-0.80972906	2.272	1.326	2743.419	0.000	0.000	nan	2.721	2817.648	38.758	91.267	95.321	0.000	2817.556	0.000	0.000	nan	95.321	0.0	1	0.19823783039738785	2813.757	-1567.993	0.000	-9999.000	46.05175305970251	0.0025536283842982274	45.91828344406411	0.002208819803241799	9.040886008663975	0.06402211281214097	6	0.06268277697281079
4215	55471	81	359.26684	-1.1875459	2.142	0.000	2788.202	23.584	55.537	nan	2.788	2806.757	36.751	86.541	91.405	0.000	2799.742	28.489	55.537	nan	91.405	86.54113477640112	1	0.13071923021451204	2806.686	-810.659	0.000	-9999.000	45.50412439692927	0.007544010513373425	45.473583798198504	0.007582074944288997	8.888993404720502	0.05506764641740985	6	0.06268277042466197
4215	55471	929	359.28623	0.65825169	2.495	20.003	2900.000	0.000	0.000	nan	20.003	2900.000	0.000	0.000	nan	12.002	2900.000	0.000	0.000	nan	nan	0.0	0	0.0063305353716425206	2699.933	10622.892	0.000	-9999.000	46.0166762678268	0.0026764325457111875	-999.0	-999.0	9.28703199071799	0.028900715284565975	6	0.06268277070644587
4215	55471	925	359.40544	0.59618819	2.376	10.833	2700.000	0.000	0.000	nan	10.833	2700.000	0.000	0.000	nan	6.500	2700.000	0.000	0.000	nan	nan	0.0	0	0.021413381662873543	2700.210	10593.181	0.000	-9999.000	45.60662754581857	0.006427542483896318	45.74302013120864	0.00509884063283484	9.194307719767085	0.2051593964330927	6	0.06268277250569185
4218	55479	248	3.5045478	-1.1019941	2.103	0.000	2900.000	132467.241	311936.513	nan	0.000	2900.000	132475.853	311956.795	nan	32.417	2700.000	0.000	311936.513	nan	nan	0.0	0	-0.088914843924631	2699.717	10645.995	0.000	-9999.000	45.72342256983611	0.0031298173578389677	45.7531774036877	0.004787238920040299	8.632499684839566	0.05741164240944153	7	0.9632374094044225
4226	55475	560	15.815379	0.59005402	2.07	0.000	2799.863	24.764	58.314	nan	0.000	2799.890	24.760	58.306	nan	1.325	2805.894	19.808	46.644	49.651	49.651	0.0	1	0.0751786170059171	2800.023	-97.024	0.000	-9999.000	45.72907614260591	0.004023373717363326	45.48873398183538	0.00345239553265353	9.274172432961258	0.07805859040089361	7	0.8044048396395762
4308	55565	174	14.559672	1.2584021	2.529	0.000	2852.552	1.911	4.501	nan	10.663	2795.140	20.747	48.856	52.010	0.000	2794.822	2.730	6.428	nan	52.010	0.0	1	0.24893752300001204	2795.429	395.012	0.000	-9999.000	46.86339934109065	0.0006604887624006141	-999.0	-999.0	10.462918464528398	0.09220246917137491	6	0.05925108247268867
4467	55894	740	127.71703	24.183285	0.94	12.189	2800.743	7.086	16.686	17.766	30.512	2800.605	18.666	43.954	46.794	3.439	2701.368	137.393	323.536	147.587	47.456	38.92803132577046	3	0.9803650989702568	2793.819	567.433	2701.368	9920.503	-999.0	-999.0	45.866331289436324	0.0006912741984540123	9.107866551140969	0.051417837605242676	6	0.032147197736210394
4782	55654	856	214.58009	4.6930795	2.53	7.726	2795.181	19.587	46.125	49.099	1.652	2877.474	62.868	148.043	100.019	0.000	2804.682	23.616	55.611	nan	64.578	0.0	2	0.3906388929722865	2795.923	342.109	2877.474	-8744.372	46.757178230216795	0.0008727263328943528	-999.0	-999.0	10.020938448297928	0.04743978823413301	6	0.06285089412080029
4833	55679	222	187.07315	5.381532	2.018	8.938	2795.410	31.538	74.267	78.918	25.094	2802.125	10.124	23.840	25.377	11.516	2794.103	0.000	0.000	nan	39.669	28.491522041160806	2	0.9726793133212609	2798.858	27.716	2795.410	369.386	46.78104862715168	0.0007857834594345353	46.639735806857274	0.000991144979783255	9.526308239991879	0.017957380198203584	7	0.09023175565001094
4834	55685	196	189.20597	5.006476	1.943	7.896	2788.725	41.178	96.966	101.209	19.895	2801.368	12.396	29.191	31.080	2.086	2798.173	0.000	0.000	nan	51.653	36.12172963956209	2	0.9571155662544429	2798.399	76.856	2788.725	1036.456	46.718102444812224	0.0008385246251239058	46.52730499802393	0.0009528124033836269	9.798056523106863	0.029526013121473696	7	0.09023165954214211
4900	55739	104	238.38625	12.947703	1.309	0.000	2797.744	25.836	60.839	nan	0.000	2797.721	25.829	60.822	nan	40.356	2800.206	10.046	60.839	25.183	25.183	23.658008632408382	1	0.8559351090207651	2800.117	-107.060	0.000	-9999.000	-999.0	-999.0	46.24970699369704	0.0007866565107791935	9.040360865821215	0.046223255090291585	6	0.20146945727112264
5143	55828	427	321.20951	1.0325148	1.732	7.189	2802.438	22.316	52.550	55.938	1.257	2788.043	88.620	208.685	163.542	0.000	2801.384	55.257	130.119	nan	72.088	59.365165440227884	2	0.8536247336437155	2800.394	-136.822	2788.043	1322.231	46.31793577950524	0.0012838456833218286	46.14755409906689	0.0012161064946962824	9.53863858097261	0.030603112335278716	6	0.06690712908540813
5143	55828	375	321.61688	0.65332842	1.775	8.019	2794.595	10.403	24.496	26.077	3.584	2796.196	37.674	88.715	93.652	3.595	2794.827	0.000	0.000	nan	46.961	31.369787446537885	2	0.8929493504388457	2793.425	609.627	2796.196	-297.361	45.949449785184015	0.0018481348682201438	45.903191294010085	0.003293598709271568	8.992858741719903	0.09657455753387327	6	0.06690713353364881
5147	55854	249	329.02174	0.44239352	1.891	0.920	2788.768	16.213	38.179	40.646	0.250	2814.646	0.000	0.000	nan	0.000	2800.085	11.531	38.179	nan	40.646	38.18273488463319	1	0.05202695051589723	2789.022	1081.149	0.000	-9999.000	45.54508337786351	0.005003676202094583	45.24428168729209	0.006546184867179791	8.549592318809317	0.31071092594006156	6	0.07708480104432691
5147	55854	228	329.12051	1.0911761	1.974	1.253	2807.529	25.892	60.972	64.890	0.394	2809.117	105.067	247.414	171.670	0.237	2813.837	0.000	0.000	nan	90.414	0.0	2	0.3447891710082701	2800.651	-164.283	2809.117	-906.292	45.52793948488881	0.005126339604331675	45.23001970597493	0.00862897261721684	8.676747349986323	0.06336513750747882	6	0.04787423649417739
5203	56034	418	242.19252	10.485498	1.232	15.217	2801.298	12.563	29.583	31.499	6.211	2798.045	33.434	78.732	83.564	7.397	2801.478	0.000	0.000	nan	46.647	42.270909538242904	2	0.9587079230451292	2793.225	631.080	2798.045	-517.337	-999.0	-999.0	45.8383385999601	0.0012053784001323457	9.072579802003064	0.0903173646919755	6	0.20146945131545413
5295	55978	338	134.6727	14.16245	1.05	3.738	2796.229	15.051	35.442	37.745	4.352	2804.721	44.572	104.959	108.791	0.000	2796.284	101.293	238.527	nan	76.613	72.45170628144069	2	0.8027934353831021	2794.126	534.513	2804.721	-1136.726	-999.0	-999.0	45.12559298739595	0.003289930690045839	9.176219949310942	0.08454183196198546	6	0.03404756295480352
5405	56010	984	190.52548	14.322506	1.973	5.997	2778.092	49.404	116.339	115.838	25.562	2803.000	16.006	37.691	40.122	0.000	2800.994	25.275	59.519	nan	55.752	39.87200055518406	2	0.9613500149574329	2799.015	10.957	2778.092	2240.983	46.76717862259062	0.0009058728985137526	46.66183743045208	0.0008397240121613037	9.547872898537273	0.0661074573198903	7	0.09695007580921863
5416	56002	502	193.12852	14.435894	1.944	20.447	2796.828	13.854	32.623	34.726	28.241	2798.230	27.822	65.515	69.715	6.397	2767.842	103.370	243.417	166.381	68.303	52.523909263557016	3	0.9737576565002242	2794.230	523.383	2767.842	2831.212	47.148605785545264	0.000942644489657526	46.88956965792893	0.0018675243013006576	9.502432252541173	0.05510310534324483	7	0.09694993716257226
5998	56087	922	205.37976	23.845378	2.23	5.486	2797.362	25.035	58.954	62.755	6.827	2802.208	6.668	15.701	16.713	0.000	2800.014	10.774	25.370	nan	37.531	0.0	2	0.8475297610160959	2795.744	361.263	2797.362	-173.471	46.35165001918095	0.0015559878880662124	46.17616887989787	0.0025479369907431284	9.256447276717918	0.027567671303666542	6	0.13782018857403516
6003	56311	96	205.53487	27.158493	1.189	7.387	2802.284	18.839	44.363	47.227	7.387	2802.285	18.825	44.330	47.192	11.732	2798.338	50.838	119.715	121.029	79.976	64.59455402392496	3	0.968984254876423	2799.332	-22.981	2798.338	106.381	-999.0	-999.0	45.89810231599767	0.0007827910255558139	9.501225698066222	0.021543340022699146	6	0.13782022065062263
6185	56217	348	5.1050866	15.681866	2.019	7.782	2820.811	32.341	76.158	80.460	6.206	2792.599	9.776	23.022	24.533	7.530	2776.409	60.313	142.026	132.640	94.126	87.90629582565498	3	0.8214723661783753	2781.871	1847.117	2776.409	588.590	46.70869024225854	0.000747265409300431	46.64766863450219	0.0009073931749399769	9.393598511287442	0.019530022733569553	6	0.03162599907835092
6488	56364	672	195.37146	33.616771	1.008	3.808	2798.734	6.123	14.419	15.355	3.809	2802.072	8.845	20.827	22.182	1.385	2787.928	39.579	14.419	97.683	31.761	19.90102283305214	3	0.9063508763021546	2799.861	-79.643	2787.928	1277.679	-999.0	-999.0	44.90640966327278	0.0024974235227499474	8.021511310530034	0.19834706881185707	6	0.1711019962363241
6488	56364	486	194.48847	32.49147	0.806	6.352	2795.230	9.399	22.132	23.566	4.714	2797.261	15.823	37.260	39.670	8.243	2799.422	27.670	65.158	69.337	47.282	37.83429354592863	3	0.9772073262972512	2793.073	647.316	2799.422	-681.406	-999.0	-999.0	44.96422621912024	0.0051777908150377324	8.576380673302873	0.03699258452206315	6	0.17110199579125585
6491	56337	596	202.78456	30.509147	0.85	16.913	2795.575	0.000	0.000	nan	16.913	2795.575	0.000	0.000	nan	10.148	2795.575	0.000	0.000	nan	nan	0.0	0	-0.06269862944220095	2699.779	10639.368	0.000	-9999.000	-999.0	-999.0	45.85446600072235	0.0009075963318588595	8.48250868643911	0.03255793849398908	6	0.17345812501564423
7167	56604	942	1.05682	-8.9248838	2.435	26.188	2755.491	0.000	0.000	nan	26.188	2755.491	0.000	0.000	nan	15.713	2755.491	0.000	0.000	nan	nan	0.0	0	0.004789960903301971	2700.059	10609.407	0.000	-9999.000	46.737743729395085	0.0007581302153700341	46.74334068350199	0.0007473656055166409	9.848358548625864	0.025273522640014725	6	0.020140626223955214
7848	56959	545	358.1587	1.097877	2.153	13.005	2791.232	0.000	0.000	nan	13.005	2791.232	0.000	0.000	nan	7.803	2791.232	0.000	0.000	nan	nan	0.0	0	-0.17462956108306105	2700.076	10607.532	0.000	-9999.000	46.72791708419404	0.0003842305833376525	46.7896134656464	0.00037577813386274734	9.894488049092455	0.022786437222510468	7	0.9632368952769652
7848	56959	611	358.46895	0.46146379	2.5135508	3.768	2900.000	0.000	0.000	nan	3.768	2900.000	0.000	0.000	nan	2.261	2900.000	0.000	0.000	nan	nan	0.0	0	0.023390624675685423	2699.937	10622.415	0.000	-9999.000	45.39463754018158	0.00484516883086252	-999.0	-999.0	9.09086551414968	0.23400909661300878	6	0.0626827566057751
7849	56980	364	357.68628	0.56391953	1.5756849	2.339	2804.864	0.000	0.000	nan	4.463	2801.991	20.980	49.403	52.592	0.000	2801.937	71.512	168.399	nan	52.592	0.0	1	0.7324749979310401	2799.673	-59.538	0.000	-9999.000	-999.0	-999.0	45.15955996862178	0.011158226341808564	8.518871735337962	0.07531504507925112	6	0.07553987871867085
7859	57282	340	17.161526	1.5834108	2.1088977	4.608	2785.079	0.000	0.000	nan	10.568	2790.852	17.016	40.069	42.658	0.000	2790.173	0.000	0.000	nan	42.658	0.0	1	0.729228549636896	2790.573	915.034	0.000	-9999.000	46.75598300064282	0.0006858243911039192	46.84753497670306	0.0008256720867171905	9.4052382427163	0.09328911826504524	6	0.03980339953629771
