# plate	mjd	fiber	RA	DEC	REDSHIFT	A1	wl1	sigma1	FWHM1	EW1	A2	wl2	sigma2	FWHM2	EW2	A3	wl3	sigma3	FWHM3	EW3	EW_T	FWHM_T	g_no	R2	wl_T	vel_peak	wl_broad	vel_broad	LOG_L1350	LOG_L1350_ERR	LOG_L3000	LOG_L3000_ERR	LOG_MBH	LOG_MBH_ERR	Band	Cont_sens
285	51930	114	180.42602	-0.27775702	1.9935	23.335	1562.930	24.345	57.329	56.708	36.309	1540.503	16.780	39.514	41.717	43.035	1545.249	6.932	16.324	17.377	37.413	29.740810630536544	3	0.9681433704078185	1543.905	1078.580	1562.930	-3694.072	46.75607782430026	0.0020535432026270815	46.305147267206166	0.0026133690112559826	9.63710252217828	0.08376658199162153	7	0.0939482087284993
288	52000	516	185.16436	0.074346416	2.0474	39.189	1546.696	6.034	14.209	15.128	68.186	1541.824	12.326	29.026	30.888	35.810	1554.437	33.064	77.861	71.582	38.084	28.685368417941163	3	0.9912759141882056	1544.794	906.630	1554.437	-1871.452	46.82688299993151	0.0012250002371783158	46.61119353254065	0.0011891279576729916	9.646079303113098	0.016955987844512865	7	0.093948010689722
378	52146	85	341.70542	-0.83176345	2.0377	31.514	1548.583	31.804	74.894	70.425	86.840	1544.291	8.069	19.001	20.229	7.434	1543.305	0.000	0.000	nan	33.673	19.615626176682326	2	0.9611636904084304	1537.996	2221.901	1548.583	-2063.640	46.777908459732934	0.0014037506290475454	46.6333883311024	0.001932280827895055	9.455234966938526	0.023267062064401368	7	0.0747847846346395
515	52051	310	177.2514	1.8547679	2.0619	33.518	1543.903	11.225	26.433	28.136	33.536	1543.781	11.218	26.417	28.119	14.280	1563.131	33.898	79.824	70.191	36.452	29.603808203201652	3	0.9703151800058682	1539.959	1842.196	1563.131	-4511.137	46.77164686410611	0.0016067044047341605	46.60667987562293	0.001494467760948279	9.654309325936946	0.04165351846146963	7	0.08880273946924507
645	52203	250	349.29934	-10.563913	1.9977	24.650	1548.709	6.340	14.929	15.896	59.197	1542.210	12.029	28.326	30.146	33.571	1555.857	26.308	61.950	61.649	38.512	33.146114141970656	3	0.9717748498825495	1544.229	1015.930	1555.857	-2257.336	46.88356762702894	0.0013202909314425754	46.51974321192577	0.0036443955072466686	9.753212939496258	0.032070276552266706	7	0.10247465559821206
648	52559	123	356.47729	-11.075566	1.9381	20.569	1548.683	11.561	27.224	28.979	34.117	1543.206	13.725	32.320	34.373	10.174	1547.511	39.710	93.510	78.542	40.364	34.50322178564829	3	0.94414279724188	1543.950	1069.890	1547.511	-691.354	46.717300270195025	0.0019715311155604296	46.40637857868375	0.003652733765744556	9.756751514630066	0.02230246364483465	7	0.10247498957026635
682	52525	509	354.6953	0.5375269	2.1016	8.961	1570.350	0.000	0.000	nan	8.961	1570.350	0.000	0.000	nan	5.377	1570.350	0.000	0.000	nan	nan	0.0	0	-0.021835030269777178	1500.079	9557.985	0.000	-9999.000	45.52625056322757	0.007775510746946867	-999.0	-999.0	8.21876716636052	0.19848415264704275	7	0.9632369120916159
918	52404	569	217.80478	-0.87734649	1.6369	25.825	1548.096	13.333	31.398	33.415	3.743	1568.943	22.381	52.704	51.246	23.067	1542.755	4.182	9.849	10.484	26.460	21.55288428950439	3	0.8644281505084108	1539.949	1844.114	1568.943	-5644.538	-999.0	-999.0	45.744776815608034	0.006064329464010512	8.94856463205014	0.09588997558034054	6	0.08195605975498295
997	52734	97	154.61606	5.5083329	1.9383	6.993	1550.368	1.988	4.682	4.992	13.143	1552.539	9.308	21.919	23.334	7.737	1560.293	22.703	53.461	54.302	28.346	0.0	3	0.8186301081084288	1545.980	677.198	1560.293	-2775.602	45.9873923358232	0.005049270603300131	46.08514762722273	0.011267802551704613	8.86868762836358	0.12828715324830817	6	0.16515475319688616
1828	53504	300	217.95039	5.5994716	2.0966	49.101	1560.333	33.041	77.806	70.285	118.589	1542.769	12.212	28.757	30.604	100.437	1548.405	4.914	11.571	12.320	32.706	23.446691835511047	3	0.9927570342925726	1546.019	669.607	1560.333	-2775.610	47.07656883429073	0.0010875893981113012	-999.0	-999.0	9.599007993884424	0.032879646380343755	7	0.10165896289333315
2093	53818	298	197.74752	32.559556	1.635	25.375	1549.725	5.459	12.855	13.687	17.485	1549.622	31.639	74.503	70.127	3.325	1569.205	0.000	0.000	nan	36.716	19.075735684995834	2	0.7358277850907367	1544.967	873.083	1549.622	-903.136	-999.0	-999.0	46.450728467959046	0.0017211273700474044	9.432737953948763	0.5103788630264834	6	0.20513279757320899
3816	55272	738	134.73336	1.8720604	2.172	25.000	1529.173	11.474	27.018	28.605	12.844	1515.761	36.132	85.083	59.730	19.848	1544.555	7.320	17.237	18.351	43.280	44.28854724311714	3	0.9725614484542651	1534.147	2966.669	1515.761	3592.839	46.761774613211166	0.0005686053066654542	46.5165351268841	0.0008318804083168805	9.913345925322112	0.030072986266501078	6	0.07071966112546156
3831	55543	530	153.95419	0.33889593	4.4	2.495	1546.950	4.256	10.022	10.671	11.852	1541.831	21.654	50.992	52.616	0.000	1540.826	57.498	135.397	nan	46.223	44.070883157048456	2	0.7959965665571981	1544.209	1019.798	1541.831	461.603	46.529575200327706	0.0041282598512208625	-999.0	-999.0	9.689653682604561	0.05142417800519152	7	0.03451910091374243
3950	55680	316	230.02282	20.268186	1.572	5.226	1544.353	10.788	25.403	27.050	6.905	1545.755	2.195	5.168	5.504	6.971	1553.444	23.764	55.960	57.286	30.943	15.124187707351666	3	0.837966568435172	1543.935	1072.776	1553.444	-1846.392	-999.0	-999.0	45.6206636656821	0.007585882237455827	8.848509448563956	0.0969412205879545	7	0.029701696768406647
4033	55332	168	211.87247	1.205139	3.06	7.957	1537.755	14.640	34.473	36.516	1.753	1542.734	2.260	5.321	5.665	3.899	1530.186	64.541	151.982	87.164	48.752	39.20887077811335	3	0.76087425049143	1541.963	1454.299	1530.186	2289.846	46.2796879188806	0.0024579665961035942	-999.0	-999.0	9.946265429619762	0.16654546258143596	6	0.19005772611079746
4034	55635	364	212.07317	-1.242253	1.944	38.229	1541.931	10.133	23.862	25.416	37.250	1556.098	21.721	51.148	52.978	36.794	1546.158	4.210	9.913	10.556	31.592	23.042968013068958	3	0.9779818802352107	1536.251	2559.494	1556.098	-3873.053	46.61209560524053	0.0011138939236988261	46.516782083030535	0.0009693272599179041	9.331948895245693	0.03673450719517541	7	0.07109243335264401
4039	55648	487	205.39249	1.6993588	4.65	18.733	1520.032	0.000	0.000	nan	18.733	1520.032	0.000	0.000	nan	11.240	1520.032	0.000	0.000	nan	nan	0.0	0	-0.07233012303551067	1499.863	9599.813	0.000	-9999.000	46.81683246531625	0.0034331176652056014	-999.0	-999.0	9.858718359580896	0.15678739861200813	7	0.05368432919063804
4050	55599	814	201.72897	-0.091698816	3.307	0.000	1600.000	69294.324	163175.663	nan	0.000	1600.000	69312.946	163219.514	nan	37.469	1500.000	0.000	0.000	nan	nan	0.0	0	-0.2614954248304755	1500.117	9550.658	0.000	-9999.000	45.846082028417165	0.008203433356616012	-999.0	-999.0	8.016068607667968	0.09874717656976638	6	0.04179918796957904
4072	55362	384	241.89261	16.071508	4.76	19.574	1523.889	0.000	0.000	nan	19.574	1523.889	0.000	0.000	nan	11.744	1523.889	0.000	0.000	nan	nan	0.0	0	-0.16880319124686527	1499.953	9582.480	0.000	-9999.000	46.6548181139651	0.003428822204010942	-999.0	-999.0	9.559042595475113	0.08566438047138955	7	0.029174470545045014
4178	55653	608	253.65356	22.459393	4.696	9.227	1545.048	13.406	31.568	33.589	9.220	1544.234	13.655	32.155	34.206	6.254	1507.402	23.026	54.223	36.007	42.099	36.82579492739842	3	0.8853957402879395	1542.517	1347.166	1507.402	6824.666	46.92404777922202	0.0015658164421031694	-999.0	-999.0	9.982418218267195	0.03238404398119801	7	0.04091248366046251
4193	55476	918	321.94762	0.82486432	2.261	11.078	1571.557	81.604	192.162	91.085	54.235	1530.114	18.954	44.634	44.923	32.016	1542.269	8.034	18.918	20.137	46.240	40.48119096859341	3	0.9868867168605148	1532.672	3251.969	1571.557	-7605.909	47.04632268744992	0.0005118081558384586	46.885584975082296	0.002289901886614823	10.040999214518816	0.01759385706693394	6	0.06690713674982578
4193	55476	952	322.41501	0.81265322	2.266	10.351	1548.094	9.640	22.699	24.163	4.264	1545.829	22.873	53.861	55.500	5.174	1546.247	0.000	0.000	nan	33.352	33.3522699712114	2	0.8863352680584199	1547.333	415.442	1545.829	291.406	46.06446990479624	0.0021404686462474327	45.86866261422563	0.004750126311102826	8.984476333896785	0.23903944546988642	6	0.06690714193033805
4195	55452	438	323.76932	-0.21991833	1.753	2.418	1550.486	10.750	25.314	26.947	3.626	1546.425	43.020	101.304	81.005	0.000	1549.797	0.000	0.000	nan	59.525	39.96108697029672	2	0.44976538759981277	1547.725	339.639	1546.425	251.791	45.1070575227918	0.007995525379728443	45.44464278849805	0.009370103125931088	9.646741293437994	0.0587990790186905	6	0.047874189960814224
4195	55452	210	324.89934	-0.87125296	2.522	12.766	1539.055	14.234	33.518	35.570	4.360	1545.470	4.808	11.322	12.058	2.585	1600.000	144.586	340.474	92.113	40.085	39.44852131247717	3	0.9286840002307961	1542.448	1360.542	1600.000	-11185.886	46.11839749778838	0.002198046324632846	-999.0	-999.0	9.275944588305606	0.16464465780938345	6	0.04787419940012872
4196	55478	984	327.68436	0.70826885	1.542	6.064	1547.986	22.292	52.493	54.420	24.140	1546.834	5.260	12.385	13.185	0.000	1547.439	0.000	0.000	nan	21.470	16.54348547380141	2	0.8329763804579589	1541.787	1488.411	1547.986	-1205.297	-999.0	-999.0	45.26096406420903	0.0069438029828383	8.854845836950691	0.036546777798086925	6	0.04787422353184635
4197	55479	860	328.63135	0.20732156	1.763	1.900	1542.598	8.136	19.159	20.396	1.902	1542.395	8.365	19.698	20.969	1.284	1554.644	20.839	49.071	51.197	29.509	0.0	3	0.6828150282169589	1542.479	1354.607	1554.644	-2364.337	45.22093904877789	0.005329364273023797	45.371696969879615	0.0057991848707501644	8.546454909975198	0.11811347289933603	6	0.07708480081576985
4197	55479	628	327.56027	0.92784271	2.325	14.624	1500.000	54.753	128.934	63.834	25.086	1536.263	8.556	20.149	21.451	8.871	1530.356	0.000	0.000	nan	39.927	0.0	2	0.8766691155975807	1535.000	2801.582	1500.000	6835.659	46.64269434556473	0.0008855387773431063	46.24983995683832	0.001039044240731992	9.51992571345619	0.06970870064414411	6	0.047874222400461804
4200	55499	677	332.84316	0.79776546	2.38	5.800	1549.360	6.855	16.143	17.186	2.463	1557.252	26.395	62.157	61.549	4.677	1550.357	0.000	0.000	nan	30.802	0.0	2	0.8478035712802092	1545.907	691.282	1557.252	-2200.166	45.75726711947452	0.0033541970352249633	45.60110153974141	0.004091381803068711	8.759537695110321	0.13808591763720052	6	0.0672071850439896
4201	55443	832	335.24576	0.98806777	2.644	14.278	1543.624	9.318	21.942	23.368	10.287	1553.365	34.198	80.530	73.061	3.658	1545.916	0.000	0.000	nan	44.886	45.688881263556596	2	0.9165369515744763	1542.133	1421.568	1553.365	-2183.556	46.36968401472476	0.001359423826261326	-999.0	-999.0	9.480800444271944	0.07341250260787048	6	0.06720722510319817
4201	55443	614	334.40225	0.27293554	3.091	3.508	1547.889	3.549	8.357	8.859	1.158	1553.446	39.559	93.155	78.291	0.464	1542.638	0.000	0.000	nan	26.161	0.0	2	0.44387957732182914	1533.806	3032.529	1553.446	-3838.727	45.650834841353216	0.005920218572885857	-999.0	-999.0	7.778912805716954	0.3147350575682559	7	0.2393161079977859
4202	55445	501	335.13541	0.42707466	4.196	15.307	1551.453	4.214	9.924	10.564	9.189	1547.842	19.452	45.807	48.226	11.548	1548.822	0.000	0.000	nan	24.849	13.76827044053698	2	0.8851391576753379	1549.997	-99.966	1547.842	416.758	46.393833074211685	0.003658595560755372	-999.0	-999.0	8.739550726741323	0.05472505158246098	7	0.024159946219238285
4202	55445	836	336.6939	0.86981104	2.247	2.516	1562.144	0.000	0.000	nan	2.516	1562.144	0.000	0.000	nan	1.510	1562.144	0.000	0.000	nan	nan	0.0	0	-0.20714280366415427	1500.091	9555.758	0.000	-9999.000	44.83997918017791	0.011383847172728306	45.484075748828445	0.007557892962557436	8.083237062906909	0.38539262429012516	6	0.06720725012519577
4203	55447	764	338.10863	0.96210229	2.699	2.006	1541.838	9.999	23.545	25.064	2.025	1536.344	12.354	29.091	30.916	2.387	1530.248	39.000	91.838	72.608	45.910	35.223859858322385	3	0.5301288325106632	1537.856	2248.930	1530.248	1483.199	45.7533619461386	0.004364380957839167	-999.0	-999.0	8.930752864732659	0.2541825896694833	6	0.06720727525695766
4210	55444	44	350.93459	-1.0466878	2.103	3.661	1550.042	3.896	9.174	9.768	2.698	1549.193	19.052	44.865	47.325	0.000	1549.997	3.749	8.829	nan	25.712	9.330226151036186	2	0.6751512345538322	1548.169	253.691	1549.193	-198.245	45.361430922704066	0.0057810297550788025	45.477197053762715	0.010386303321367741	8.188437802005428	0.18387969692198455	6	0.07553986475930283
4210	55444	242	349.9857	-1.0312764	2.6	2.359	1545.942	2.784	6.557	6.994	8.178	1545.708	11.610	27.339	29.100	2.452	1544.514	38.126	89.780	76.832	34.106	0.0	3	0.8971598257435721	1541.691	1506.969	1544.514	-548.923	45.796630079143114	0.003581213439110461	-999.0	-999.0	8.346810686440893	0.368381999177584	6	0.07553985917113111
4212	55447	932	354.24809	0.64540888	2.717	6.654	1536.628	17.044	40.135	42.038	7.734	1551.273	9.359	22.039	23.461	5.578	1510.146	156.183	367.783	94.865	54.911	0.0	3	0.7989887289019868	1543.858	1087.674	1510.146	6546.485	46.4189431852893	0.0012422160906455505	-999.0	-999.0	9.674660702923825	0.08678182275174627	6	0.06268268772710736
4212	55447	952	354.36832	0.75936868	2.722	10.848	1548.125	13.436	31.639	33.843	3.034	1541.229	62.905	148.129	89.092	6.501	1547.845	0.000	0.000	nan	46.006	55.53000078318519	2	0.7710858182459936	1544.271	1007.748	1541.229	590.694	46.26624856741476	0.0018301029707610877	-999.0	-999.0	9.741762617728098	0.2858098011940575	6	0.0626826892967859
4213	55449	716	354.85275	0.73225573	2.439	1.452	1536.105	13.374	31.494	33.413	1.449	1544.465	10.400	24.489	26.068	0.646	1567.477	45.340	106.767	78.873	41.856	0.0	3	0.4935129141459408	1540.522	1733.171	1567.477	-5245.561	45.36643836093968	0.00664604625638987	45.7742416801474	0.005454143372876241	8.966896991716897	0.22895933302895	7	0.9632368828814921
4213	55449	532	353.89297	0.23206032	2.266	7.638	1550.293	9.824	23.133	24.626	4.084	1546.982	6.285	14.800	15.754	5.141	1551.529	31.302	73.710	69.637	36.786	27.706340308461677	3	0.9380447453056208	1543.774	1103.939	1551.529	-1505.882	45.922355655725426	0.002864377161298148	45.822665656542	0.0028301265528994967	9.02413853940074	0.07884773724746866	6	0.06268268184105359
4214	55451	852	357.12674	0.65514898	1.998	90.669	1548.957	2.934	6.909	7.359	108.010	1548.994	8.851	20.842	22.187	51.545	1560.895	31.501	74.179	68.317	26.696	15.255677231173877	3	0.996953015054465	1543.364	1183.408	1560.895	-3405.508	46.50283831103585	0.0008740500760423697	46.46352029943609	0.0008312487803949369	8.94225788193859	0.010069306243082351	6	0.06268273476210096
4215	55471	42	359.64434	-0.80972906	2.272	2.946	1552.354	44.884	105.694	82.314	8.454	1544.481	16.239	38.240	40.566	7.194	1546.999	5.039	11.866	12.632	36.601	24.58881872845518	3	0.9408590920223912	1544.852	895.502	1552.354	-1455.897	46.05175305970251	0.0025536283842982274	45.91828344406411	0.002208819803241799	9.040886008663975	0.06402211281214097	6	0.06268277697281079
4215	55471	81	359.26684	-1.1875459	2.142	4.295	1553.744	29.308	69.015	66.672	8.274	1548.907	10.142	23.881	25.423	4.665	1550.164	0.000	0.000	nan	39.690	27.675904114432342	2	0.9072391383520411	1546.656	546.349	1553.744	-1373.798	45.50412439692927	0.007544010513373425	45.473583798198504	0.007582074944288997	8.888993404720502	0.05506764641740985	6	0.06268277042466197
4215	55471	929	359.28623	0.65825169	2.495	4.247	1538.662	9.934	23.393	24.900	4.109	1548.932	8.172	19.244	20.485	3.367	1547.707	50.838	119.714	85.848	45.676	30.66844572340119	3	0.8324022559612483	1542.954	1262.712	1547.707	-923.518	46.0166762678268	0.0026764325457111875	-999.0	-999.0	9.28703199071799	0.028900715284565975	6	0.06268277070644587
4215	55471	925	359.40544	0.59618819	2.376	1.483	1554.780	13.163	30.996	32.984	1.533	1570.724	21.616	50.902	49.214	4.734	1536.467	10.369	24.418	25.987	42.497	60.967605783757335	3	0.6757226150383168	1537.084	2398.358	1570.724	-6561.077	45.60662754581857	0.006427542483896318	45.74302013120864	0.00509884063283484	9.194307719767085	0.2051593964330927	6	0.06268277250569185
4218	55479	248	3.5045478	-1.1019941	2.103	3.234	1546.534	33.690	79.333	72.494	2.679	1540.422	8.965	21.110	22.472	7.515	1551.855	5.881	13.848	14.744	33.851	17.451974390441364	3	0.9134284442571257	1547.812	322.741	1546.534	247.430	45.72342256983611	0.0031298173578389677	45.7531774036877	0.004787238920040299	8.632499684839566	0.05741164240944153	7	0.9632374094044225
4218	55479	394	2.8411196	-0.15516989	3.009	4.905	1544.470	10.944	25.772	27.323	16.435	1544.039	18.083	42.582	44.928	7.683	1595.627	104.522	246.130	88.035	55.017	0.0	3	0.8753370645828231	1540.508	1735.949	1595.627	-10726.540	46.74520042109421	0.0007761559713184905	-999.0	-999.0	10.083117476751058	0.04169868989297028	7	0.9605866557422721
4226	55475	560	15.815379	0.59005402	2.07	4.154	1535.059	19.831	46.699	47.789	2.845	1548.221	6.578	15.489	16.489	0.000	1539.092	4.172	9.825	nan	39.178	0.0	2	0.6966838827816848	1542.984	1256.746	1535.059	1539.917	45.72907614260591	0.004023373717363326	45.48873398183538	0.00345239553265353	9.274172432961258	0.07805859040089361	7	0.8044048396395762
4229	55501	806	22.191619	0.64523164	2.759	1.776	1550.024	9.093	21.412	22.793	1.817	1540.223	11.380	26.798	28.523	1.045	1540.589	46.011	108.348	81.981	41.914	32.86521327013611	3	0.585757614718701	1542.509	1348.811	1540.589	373.135	45.7066997681353	0.004351413488153507	-999.0	-999.0	9.103441393893448	0.10009910497806603	7	0.8044052775255994
4308	55565	174	14.559672	1.2584021	2.529	16.840	1521.774	17.058	40.169	38.509	23.073	1538.068	11.523	27.134	28.871	20.612	1500.000	136.023	320.310	91.624	58.558	51.68779737723162	3	0.9487242390611762	1532.316	3320.838	1500.000	6322.559	46.86339934109065	0.0006604887624006141	-999.0	-999.0	10.462918464528398	0.09220246917137491	6	0.05925108247268867
4311	55506	86	16.968851	1.3936076	3.525	9.310	1530.859	18.913	44.537	44.976	7.845	1537.974	10.340	24.349	25.917	7.453	1550.822	56.449	132.927	87.994	53.497	43.90577754556125	3	0.8953786546280103	1533.492	3093.413	1550.822	-3388.085	46.565569346942056	0.0021245906769820537	-999.0	-999.0	10.196919193624785	0.14564378490525562	7	0.8044048122082484
4484	55565	678	128.62269	21.673512	4.508	8.568	1538.874	12.574	29.610	31.487	2.861	1501.464	29.902	70.413	38.850	0.195	1535.850	0.000	0.000	nan	38.462	34.526366983050366	2	0.6252916718672668	1533.225	3144.918	1501.464	6210.296	46.54937274086273	0.005103384225618084	-999.0	-999.0	9.618473636357646	0.10426882649158056	7	0.03333083843085527
4504	55571	804	124.41886	13.859603	4.37	9.500	1545.055	10.843	25.533	27.179	5.229	1529.999	33.348	78.528	66.581	0.000	1540.948	38.632	90.971	nan	42.560	41.263876854473665	2	0.8489616005091682	1544.279	1006.318	1529.999	2772.104	46.53958424245982	0.0037968942621535925	-999.0	-999.0	9.49767399918937	0.0735438605284431	7	0.032798977494193304
4505	55603	810	121.81299	13.468105	4.87	6.561	1500.000	0.000	0.000	nan	6.561	1500.000	0.000	0.000	nan	3.937	1500.000	0.000	0.000	nan	nan	0.0	0	-0.006315328505819062	1499.899	9592.995	0.000	-9999.000	46.644454507546364	0.0027317244322786816	-999.0	-999.0	9.372811915647763	0.1559919675459538	7	0.029800914175088147
4776	55652	108	227.98326	4.1341644	4.65	6.024	1543.514	17.523	41.263	43.615	3.896	1543.272	2.791	6.572	6.996	0.000	1544.175	0.837	1.972	nan	29.235	0.0	2	0.49429434747460343	1541.529	1538.428	1543.514	-386.142	46.53145450371043	0.004392434878406489	-999.0	-999.0	9.34619511758387	0.1683106025636791	7	0.05581826160395086
4782	55654	856	214.58009	4.6930795	2.53	7.096	1501.290	56.919	134.034	66.520	7.096	1501.292	56.922	134.041	66.523	19.079	1537.001	12.568	29.596	31.454	50.132	47.422410565452765	3	0.9130549093554728	1531.882	3404.824	1501.292	5986.478	46.757178230216795	0.0008727263328943528	-999.0	-999.0	10.020938448297928	0.04743978823413301	6	0.06285089412080029
4833	55679	222	187.07315	5.381532	2.018	25.556	1547.823	30.349	71.467	68.334	40.668	1536.096	8.015	18.875	20.094	68.384	1547.930	6.543	71.467	16.403	33.524	26.17474165829526	3	0.9913936498146749	1545.898	693.084	1547.823	-373.363	46.78104862715168	0.0007857834594345353	46.639735806857274	0.000991144979783255	9.526308239991879	0.017957380198203584	7	0.09023175565001094
4834	55685	196	189.20597	5.006476	1.943	16.306	1539.510	10.953	25.792	27.451	16.379	1532.649	14.496	34.135	35.862	8.277	1500.000	58.654	138.120	66.524	41.361	36.672733128054915	3	0.9547118472212427	1533.239	3142.306	1500.000	6499.176	46.718102444812224	0.0008385246251239058	46.52730499802393	0.0009528124033836269	9.798056523106863	0.029526013121473696	7	0.09023165954214211
5043	56187	4	339.07998	13.438974	3.302	16.175	1540.669	9.002	21.198	22.565	20.021	1546.248	6.441	15.167	16.151	19.756	1500.000	88.301	207.934	81.872	44.799	28.178172061654777	3	0.958659901197354	1543.582	1141.164	1500.000	8464.416	46.80809919551612	0.001250201893243741	-999.0	-999.0	9.617027736955572	0.02358819939872614	8	0.07285166145602517
5044	56186	926	341.22112	13.775457	4.65	13.515	1500.000	0.000	0.000	nan	13.515	1500.000	0.000	0.000	nan	8.109	1500.000	0.000	0.000	nan	nan	0.0	0	-0.000936925575303782	1499.863	9599.813	0.000	-9999.000	46.38761033810127	0.005914290571350698	-999.0	-999.0	9.596145339489748	0.3379556173907164	7	0.03391514733663653
5143	55828	427	321.20951	1.0325148	1.732	13.086	1543.080	10.998	25.899	27.574	17.914	1547.972	4.794	11.289	12.023	17.141	1553.790	27.273	64.222	63.428	35.702	24.004270045827298	3	0.9673108918760164	1543.545	1148.307	1553.790	-1989.827	46.31793577950524	0.0012838456833218286	46.14755409906689	0.0012161064946962824	9.53863858097261	0.030603112335278716	6	0.06690712908540813
5143	55828	375	321.61688	0.65332842	1.775	10.871	1554.245	27.572	64.928	63.962	11.471	1548.299	17.969	42.315	44.787	42.996	1545.781	7.529	17.729	18.889	31.204	32.18132862317725	3	0.959341978427995	1541.832	1479.786	1554.245	-2413.581	45.949449785184015	0.0018481348682201438	45.903191294010085	0.003293598709271568	8.992858741719903	0.09657455753387327	6	0.06690713353364881
5147	55854	249	329.02174	0.44239352	1.891	0.000	1600.000	26796.334	63100.544	nan	0.000	1600.000	26803.063	63116.389	nan	17.647	1500.000	0.000	63100.544	nan	nan	0.0	0	-0.41303727265378654	1499.864	9599.666	0.000	-9999.000	45.54508337786351	0.005003676202094583	45.24428168729209	0.006546184867179791	8.549592318809317	0.31071092594006156	6	0.07708480104432691
5147	55854	228	329.12051	1.0911761	1.974	3.147	1544.518	13.611	32.051	34.100	2.132	1569.189	24.845	58.506	55.316	4.513	1546.673	5.439	32.051	13.639	31.742	20.60679112736989	3	0.868223487347781	1546.889	501.345	1569.189	-4321.854	45.52793948488881	0.005126339604331675	45.23001970597493	0.00862897261721684	8.676747349986323	0.06336513750747882	6	0.04787423649417739
5314	55952	340	143.78541	8.0206986	4.655	3.531	1500.000	87.040	204.963	81.734	0.000	1600.000	44.414	104.587	nan	0.000	1543.426	0.000	0.000	nan	81.734	0.0	1	0.0437644869597944	1499.917	9589.365	0.000	-9999.000	46.51960398916721	0.005865837632014103	-999.0	-999.0	9.15924953379426	0.20254447083857074	7	0.038227644922951075
5358	56016	536	163.6893	16.560383	5.135	12.964	1517.450	0.000	0.000	nan	12.964	1517.450	0.000	0.000	nan	7.778	1517.450	0.000	0.000	nan	nan	0.0	0	-0.06800309065656718	1499.980	9577.180	0.000	-9999.000	46.35760285579166	0.009076245434299692	-999.0	-999.0	9.311276863778552	0.21767759857206648	7	0.04536766409000627
5405	56010	984	190.52548	14.322506	1.973	14.742	1531.801	11.341	26.707	28.355	14.742	1531.801	11.341	26.707	28.355	10.838	1547.210	10.367	24.412	25.990	33.095	0.0	3	0.6763421415386801	1534.635	2872.242	1531.801	553.516	46.76717862259062	0.0009058728985137526	46.66183743045208	0.0008397240121613037	9.547872898537273	0.0661074573198903	7	0.09695007580921863
5415	55982	608	193.4723	10.767552	4.911	17.624	1500.000	0.000	0.000	nan	17.624	1500.000	0.000	0.000	nan	10.574	1500.000	0.000	0.000	nan	nan	0.0	0	-0.001690632223245725	1500.165	9541.492	0.000	-9999.000	46.68740549098563	0.003412072573072638	-999.0	-999.0	9.203848292469994	0.07044414245283305	7	0.027899930675978856
5416	56002	502	193.12852	14.435894	1.944	66.958	1543.976	5.452	12.839	13.691	72.693	1542.653	16.029	37.746	40.020	40.630	1553.208	39.617	93.292	78.546	39.217	0.0	3	0.9421693372801577	1535.191	2764.708	1553.208	-3518.513	47.148605785545264	0.000942644489657526	46.88956965792893	0.0018675243013006576	9.502432252541173	0.05510310534324483	7	0.09694993716257226
5998	56087	922	205.37976	23.845378	2.23	22.962	1541.502	10.775	25.373	27.011	5.856	1500.000	74.842	176.240	76.568	0.000	1540.352	18.028	42.453	nan	38.181	0.0	2	0.9706468619978843	1534.608	2877.435	1500.000	6760.817	46.35165001918095	0.0015559878880662124	46.17616887989787	0.0025479369907431284	9.256447276717918	0.027567671303666542	6	0.13782018857403516
6023	56069	112	220.87988	27.41022	4.43	3.968	1536.102	9.164	21.580	22.970	5.242	1539.711	4.515	10.632	11.322	11.268	1531.143	37.001	87.130	71.189	47.707	0.0	3	0.8006473119338111	1537.447	2328.044	1531.143	1229.315	46.73686405491584	0.002525001613394154	-999.0	-999.0	9.942820913631955	0.19448704426422864	7	0.0379699299617383
6185	56217	348	5.1050866	15.681866	2.019	40.824	1553.877	31.076	73.179	69.162	64.436	1547.137	6.775	15.954	16.983	16.300	1550.352	0.000	0.000	nan	37.556	23.688404599267642	2	0.9843187531880002	1542.897	1273.687	1553.877	-2133.560	46.70869024225854	0.000747265409300431	46.64766863450219	0.0009073931749399769	9.393598511287442	0.019530022733569553	6	0.03162599907835092
6192	56269	290	7.8616574	15.127646	4.29	15.265	1533.406	0.000	0.000	nan	15.265	1533.406	0.000	0.000	nan	9.159	1533.406	0.000	0.000	nan	nan	0.0	0	-0.1739784375122706	1499.838	9604.792	0.000	-9999.000	46.29302889472984	0.005928968299093065	-999.0	-999.0	8.520624698245825	0.25578433876883255	7	0.023902562330694346
6407	56311	964	180.29297	21.299579	4.579	5.345	1510.957	51.093	120.316	69.798	4.821	1522.784	17.924	42.207	40.426	4.057	1544.443	7.914	18.637	19.840	58.603	0.0	3	0.7178217788650862	1535.124	2777.514	1510.957	4719.527	46.82313165178199	0.0021187708940348664	-999.0	-999.0	10.130841915387293	0.09117724387077769	8	0.067087934635881
7167	56604	942	1.05682	-8.9248838	2.435	8.985	1521.422	16.434	38.700	37.259	10.099	1535.065	46.556	109.630	80.694	30.417	1538.879	11.643	27.418	29.175	44.418	37.75090460148522	3	0.9509478392004334	1533.816	3030.703	1535.065	-244.074	46.737743729395085	0.0007581302153700341	46.74334068350199	0.0007473656055166409	9.848358548625864	0.025273522640014725	6	0.020140626223955214
7818	56989	170	21.752878	-0.76644002	4.105	24.869	1533.495	11.792	27.768	29.492	16.682	1544.475	6.608	15.560	16.564	17.498	1505.439	64.634	152.202	74.627	46.422	39.68233530812677	3	0.9698613193981744	1538.878	2051.214	1505.439	6514.367	47.056764444124056	0.0010969505667813692	-999.0	-999.0	10.014090114579792	0.09226516225207011	7	0.8044054278740147
7848	56959	545	358.1587	1.097877	2.153	3.575	1513.489	45.301	106.675	66.857	3.600	1513.970	46.120	108.604	67.940	21.082	1538.495	13.194	31.071	37.644	46.949	0.0	3	0.7897591663593689	1531.709	3438.410	1513.970	3471.849	46.72791708419404	0.0003842305833376525	46.7896134656464	0.00037577813386274734	9.894488049092455	0.022786437222510468	7	0.9632368952769652
7848	56959	611	358.46895	0.46146379	2.5135508	0.826	1555.645	13.404	31.564	33.584	0.820	1555.369	13.570	31.955	34.003	0.615	1534.995	10.163	23.932	25.471	40.831	36.660152355171476	3	0.5688757556787603	1550.793	-253.988	1555.369	-884.732	45.39463754018158	0.00484516883086252	-999.0	-999.0	9.09086551414968	0.23400909661300878	6	0.0626827566057751
7849	56980	364	357.68628	0.56391953	1.5756849	2.351	1547.351	4.201	9.893	10.532	6.596	1548.033	15.755	37.099	39.424	0.000	1547.868	0.000	0.000	nan	31.850	30.92166500467306	2	0.6542897324993835	1545.636	743.773	1548.033	-464.876	-999.0	-999.0	45.15955996862178	0.011158226341808564	8.518871735337962	0.07531504507925112	6	0.07553987871867085
7859	57282	340	17.161526	1.5834108	2.1088977	26.943	1556.125	27.753	65.354	63.969	52.574	1544.185	7.513	17.692	18.833	0.000	1547.184	10.587	24.931	nan	35.164	31.12471546468555	2	0.9659345320246304	1542.743	1303.421	1556.125	-2600.376	46.75598300064282	0.0006858243911039192	46.84753497670306	0.0008256720867171905	9.4052382427163	0.09328911826504524	6	0.03980339953629771
