# plate	mjd	fiber	RA	DEC	REDSHIFT	A1	wl1	sigma1	FWHM1	EW1	A2	wl2	sigma2	FWHM2	EW2	A3	wl3	sigma3	FWHM3	EW3	EW_T	FWHM_T	g_no	R2	wl_T	vel_peak	wl_broad	vel_broad	LOG_L1350	LOG_L1350_ERR	LOG_L3000	LOG_L3000_ERR	LOG_MBH	LOG_MBH_ERR	Band	Cont_sens
307	51663	258	219.18776	-0.86403115	1.2746	7.881	2796.852	6.192	14.582	15.527	9.359	2786.343	40.448	95.248	99.444	14.290	2800.664	14.908	14.582	37.373	51.497	35.53653977005979	3	0.9732910377236432	2797.660	156.040	2786.343	1212.736	-999.0	-999.0	45.75364040083301	0.0036446765409544305	9.047555342586353	0.029832417788229686	7	0.09137771410532412
500	51994	511	149.85193	1.9984146	1.2348	3.298	2803.822	51.781	121.935	122.609	7.962	2806.525	19.234	45.293	48.213	1.496	2805.957	0.000	0.000	nan	70.029	0.0	2	0.9032217318307176	2803.247	-442.328	2803.822	-61.532	-999.0	-999.0	45.57080084584859	0.0029876655224662673	9.197870625504398	0.04317653485772654	6	0.09129919677554989
500	51994	153	149.9916	1.7242806	1.6274	1.266	2795.240	34.803	81.955	86.846	2.539	2797.431	13.525	31.849	33.903	0.844	2721.553	0.000	0.000	nan	51.554	41.45152010948459	2	0.3591679068277921	2794.949	446.434	2795.240	-31.223	-999.0	-999.0	45.28149573904518	0.014725224796044932	8.91906779040886	0.28326478133459637	6	0.09271104950609337
500	51994	590	150.23081	2.5781735	1.404	2.206	2800.785	22.853	53.815	57.284	2.204	2798.581	23.691	55.789	59.386	0.689	2805.523	52.817	124.375	124.310	67.365	60.03847793782643	3	0.8173975358509238	2794.251	521.118	2805.523	-1209.304	-999.0	-999.0	45.20273816825823	0.006409896520211354	9.044054750563138	0.040224707826589795	6	0.09919235175480579
500	51994	446	149.47793	2.6424256	1.6003	2.350	2810.862	6.948	16.360	17.425	1.941	2799.330	15.655	36.865	39.243	2.025	2813.953	19.681	16.360	49.336	37.056	30.793535496643017	3	0.6135319735151118	2809.807	-1144.913	2813.953	-442.415	-999.0	-999.0	45.57788350535975	0.005339933055781214	8.852834660351986	0.09894677109427068	6	0.09271106249997538
500	51994	493	149.58523	2.0510863	1.3551	1.040	2803.560	3.308	7.789	8.297	0.641	2804.135	12.163	28.643	30.489	1.986	2803.039	34.140	7.789	85.262	53.885	40.25177628512483	3	0.3846095419606308	2803.436	-462.573	2803.039	42.473	-999.0	-999.0	45.18744852570592	0.007744672757461973	9.109599136033157	0.1421205418103175	6	0.0915281314637775
500	51994	75	150.38402	1.5724441	1.3548	5.065	2819.209	0.000	0.000	nan	5.065	2819.209	0.000	0.000	nan	3.039	2819.209	0.000	0.000	nan	nan	0.0	0	-0.09848339028561881	2699.889	10627.585	0.000	-9999.000	-999.0	-999.0	45.12648936252939	0.00911587374588534	8.255437528733857	0.1328042124100948	6	0.09152810923896729
500	51994	623	150.6097	2.3230849	1.2923	0.275	2789.531	5.292	12.462	13.265	4.528	2804.856	8.697	20.480	21.803	1.073	2787.536	59.400	139.876	134.083	44.287	0.0	3	0.6543597914380905	2798.521	63.873	2787.536	1176.785	-999.0	-999.0	45.08110471888699	0.008843295563598176	8.310520958496156	0.15403086308901162	6	0.12602756373000792
501	52235	313	149.95581	2.0280977	1.7535	0.900	2802.775	0.000	0.000	nan	0.900	2802.753	0.000	0.000	nan	3.009	2900.000	196.662	463.103	169.532	169.532	0.0	1	0.04955208967451363	2876.173	-8252.839	0.000	-9999.000	-999.0	-999.0	45.73306220410095	0.006727649199933183	8.119506614435542	0.8518892620848947	7	0.11834552933738579
2239	53726	141	192.78158	29.594594	0.8023	4.134	2798.017	23.090	54.372	57.878	10.070	2798.848	6.516	15.343	16.333	7.992	2796.195	0.000	0.000	nan	28.429	19.128476050103473	2	0.8302694174392495	2793.013	653.792	2798.017	-537.156	-999.0	-999.0	45.14908478256782	0.005510458421844184	8.065924447582406	0.1838248457933563	6	0.041407563770151624
4015	55624	678	224.3244	2.79651	1.975	30.042	2774.886	34.339	80.863	84.780	112.426	2800.426	9.640	22.701	24.165	0.000	2797.387	57.131	134.533	nan	38.918	26.55368820843796	2	0.9826367840030888	2797.133	212.490	2774.886	2384.435	46.99280749482773	0.00042267548661136575	46.97019136093345	0.00040685909412516326	9.082245296085603	0.021103580248655916	7	0.10972475244166413
4197	55479	30	329.2678	-0.37160524	2.245	0.000	2748.912	0.729	1.717	nan	0.000	2748.908	0.693	1.631	nan	0.000	2900.000	0.000	1.717	nan	nan	0.0	0	0.0229735360601091	2700.134	10601.336	0.000	-9999.000	45.54264588252834	0.005202429975025651	45.46071765406113	0.011216013462183183	9.186556903642407	0.05737591977702032	6	0.07708481076279919
4198	55480	630	329.18008	0.86312203	2.436	1.720	2900.000	117.189	275.958	133.649	0.000	2825.530	0.000	0.000	nan	0.000	2823.523	44.646	105.134	nan	133.649	0.0	1	0.02375651445238669	2887.000	-9412.534	0.000	-9999.000	45.73561694067046	0.004282291479437981	45.60721073504452	0.012401197384060933	8.83456367674369	0.03157658947998807	6	0.07708479856307178
4198	55480	16	331.02243	-0.33988445	2.199	0.000	2795.686	38.810	91.391	nan	0.000	2795.687	38.811	91.392	nan	4.507	2795.319	35.396	91.391	88.261	88.261	83.35215081715523	1	0.10633160250757523	2795.026	438.192	0.000	-9999.000	46.247707923963496	0.0015726422729395765	45.90178041263074	0.0030023554605199277	8.875856458123053	0.015256384400257787	6	0.06720715493893183
4200	55499	153	333.57935	-0.19609092	2.489	0.000	2900.000	152948.463	360166.107	nan	0.000	2900.000	152938.214	360141.972	nan	131.011	2700.000	0.000	360166.107	nan	nan	0.0	0	-0.01682328973516367	2700.220	10592.123	0.000	-9999.000	46.067244866475924	0.0017349347425642712	-999.0	-999.0	9.049289782965873	0.027555092292604628	6	0.06720719663104371
4200	55499	580	332.44542	0.2370389	2.219	0.000	2789.828	33.248	78.294	nan	0.000	2789.822	33.248	78.293	nan	2.019	2787.912	48.584	114.406	116.140	116.140	0.0	1	0.11791283610940795	2777.019	2366.704	0.000	-9999.000	45.57191765070438	0.004846350916910393	45.466246596884574	0.006778351963121223	8.371572114859045	0.3387638462780659	6	0.067207178086435
4201	55443	364	334.64541	-1.248202	1.903	3.537	2791.866	39.800	93.723	98.371	2.213	2815.717	0.000	0.000	nan	7.037	2801.925	9.697	22.835	24.308	49.602	0.0	2	0.8783184150250704	2791.598	805.257	2791.866	-28.703	45.48890528991058	0.00271448700063519	45.951997955618	0.0023331018786071985	8.336360667212913	0.2026285234681574	6	0.06720721388110454
4201	55443	356	334.69717	-0.22456552	2.558	0.000	2858.817	7.411	17.452	nan	0.000	2858.817	7.411	17.451	nan	2.422	2900.000	56.984	134.187	70.699	70.699	0.0	1	0.06067068774756945	2889.976	-9731.244	0.000	-9999.000	45.9053922177127	0.0020555639784512318	-999.0	-999.0	9.239232633776691	0.47665313817781546	6	0.06720721510523248
4201	55443	530	333.93105	0.35469381	2.31	0.000	2799.696	35.656	83.963	nan	0.000	2799.696	35.656	83.963	nan	1.658	2804.815	43.136	83.963	105.754	105.754	101.5779144442431	1	0.057191317234584926	2804.607	-587.988	0.000	-9999.000	45.468442573959884	0.007174429975058613	45.63328097694257	0.0047846664042950635	9.785959154794233	0.20954767167258384	6	0.0672072023654627
4202	55445	216	336.80832	-0.99960218	2.228	0.000	2792.178	40.664	95.756	nan	0.000	2792.191	40.663	95.755	nan	2.396	2787.275	64.351	151.534	140.551	140.551	143.996254844983	1	0.12983731101974927	2776.300	2443.723	0.000	-9999.000	45.87906169651373	0.0019925874715436757	45.6111341223072	0.006680871794254767	8.346091277677239	0.07529579649766635	6	0.06720725121790651
4204	55470	22	341.37265	-0.04391	1.694	0.000	2700.000	112882.481	265817.929	nan	0.000	2744.710	113002.839	266101.349	nan	9.656	2900.000	0.000	265817.929	nan	nan	0.0	0	-0.6444560047275953	2700.240	10589.986	0.000	-9999.000	45.114297029505686	0.007446381997213071	45.01845314448112	0.01753988351249827	8.91165413464268	0.100524001185718	6	0.035561030622979536
4209	55478	695	348.10763	0.35515621	2.382	1.025	2823.711	0.000	0.000	nan	2.449	2812.374	44.631	105.098	108.380	0.000	2816.068	0.000	0.000	nan	108.380	0.0	1	0.18873414989696335	2804.957	-625.531	0.000	-9999.000	45.83582114259917	0.0024080714568025757	45.72178456144048	0.003839527114229866	9.300927541618437	0.052471927191422754	6	0.03556109950505615
4211	55446	131	352.34672	-0.70452909	2.387	3.473	2782.128	32.735	77.085	81.555	1.673	2716.430	0.000	0.000	nan	0.000	2784.911	0.000	0.000	nan	81.555	0.0	1	0.11985536949450193	2776.418	2431.158	0.000	-9999.000	45.695665700941944	0.004559331873452759	46.31925249891551	0.003640253130006565	6.950892614363038	0.5452960356870902	6	0.06268265698745253
4215	55471	214	358.58281	-0.68551013	2.23	0.000	2900.000	143368.382	337606.740	nan	0.000	2900.000	143381.084	337636.651	nan	38.019	2700.000	0.000	337606.740	nan	nan	0.0	0	-0.07801677118248751	2700.209	10593.272	0.000	-9999.000	45.84876659236541	0.002826081881574569	45.68892654386478	0.0090494287978803	8.854708318186212	0.030386220975847183	6	0.07553989186598516
4737	55630	190	150.102	2.1054596	2.288	0.000	2900.000	46137.772	108646.149	nan	0.000	2900.000	46141.809	108655.656	nan	33.157	2700.000	0.000	108646.149	nan	nan	0.0	0	-0.2854406158220464	2700.027	10612.798	0.000	-9999.000	46.07575102133949	0.0026038288518079634	45.78065226000802	0.0035547166310727183	8.934246551186824	0.05227331549998927	7	0.11711948928617175
4737	55630	929	150.49074	2.775465	1.434	1.735	2802.167	36.693	86.407	91.352	1.735	2801.384	38.062	89.628	94.550	0.411	2800.663	0.293	0.689	0.562	83.911	80.02984805514279	3	0.7327068185513941	2798.849	28.662	2801.384	-271.531	-999.0	-999.0	45.10054269780689	0.006447633774581016	9.283136952692475	0.049576109162648034	6	0.09271103961258007
4737	55630	262	149.7445	2.027495	2.455	2.863	2790.031	43.612	102.699	106.519	6.573	2807.163	13.247	31.193	33.205	0.000	2797.482	25.888	102.699	nan	56.683	39.689468298081465	2	0.27300868765409325	2806.415	-781.611	2790.031	1750.229	46.342292363251524	0.0017055437281100884	-999.0	-999.0	8.63276228601751	0.1619577543392833	6	0.036431586852684224
5142	55825	422	319.57882	0.74449562	1.626	2.567	2800.423	15.414	36.297	38.638	1.937	2805.608	16.263	38.298	40.768	1.406	2804.445	45.992	108.302	111.521	57.251	43.713139732541094	3	0.8275719539360525	2799.660	-58.159	2804.445	-512.349	-999.0	-999.0	45.549795655844555	0.0036280886248793586	8.990658284949138	0.029556906591577815	6	0.07354342922072495
5145	55835	63	326.40358	0.77961784	1.759	3.624	2796.716	7.697	18.125	19.294	0.892	2788.520	47.012	110.705	113.235	0.700	2805.928	0.000	18.125	nan	37.956	21.280785256172294	2	0.5223085815863402	2796.715	257.259	2788.520	878.490	45.77650330263051	0.003444839947363427	45.49627584650277	0.005698285535559211	8.631426298865085	0.09941186502061658	6	0.07708477779729005
5145	55835	401	325.14632	0.76061289	2.085	5.397	2798.452	19.271	45.381	48.308	2.334	2807.269	0.000	0.000	nan	0.000	2791.219	17.508	45.381	nan	48.308	45.382171739772275	1	0.5769268260639002	2798.625	52.671	0.000	-9999.000	45.81722665845691	0.002650067008361661	45.71811266718334	0.004158888182919361	8.89290912204598	0.10535775635974043	6	0.07708476781446079
7236	56605	497	34.29999	-4.7722211	1.102	2.295	2797.457	0.000	0.000	nan	2.301	2797.455	0.000	0.000	nan	8.060	2798.779	23.433	55.179	58.735	58.735	46.71038837439801	1	0.7813515736199232	2795.550	382.060	0.000	-9999.000	-999.0	-999.0	45.082318004606535	0.0037964781197984895	8.733188739622175	0.0744025556954442	7	0.06786758250856222
7898	57363	124	2.1115587	-5.1101319	2.172	15.603	2803.550	0.000	0.000	nan	15.603	2803.550	0.000	0.000	nan	9.362	2803.550	0.000	0.000	nan	nan	0.0	0	-0.004853360496798631	2700.019	10613.688	0.000	-9999.000	45.63193054674924	0.005285757487559825	45.84212691413965	0.005150254345617142	9.07704348607445	0.42949128889148236	7	0.9632379878177346
